[1,1]
0.001
0.001
0.000
[1,2]
0.001
25.000
0.000
[1,3]
0.001
50.000
-0.016
[1,4]
0.001
75.000
-0.027
[1,5]
0.001
100.000
-0.044
[1,6]
0.001
125.000
-0.065
[1,7]
0.001
150.000
-0.094
[1,8]
0.001
175.000
-0.118
[1,9]
0.001
200.000
-0.148
[2,1]
25.001
0.001
-0.021
[2,2]
25.001
25.000
-0.004
[2,3]
25.001
50.000
-0.003
[2,4]
25.001
75.000
-0.014
[2,5]
25.001
100.000
-0.029
[2,6]
25.001
125.000
-0.050
[2,7]
25.001
150.000
-0.078
[2,8]
25.001
175.000
-0.103
[2,9]
25.001
200.000
-0.130
[3,1]
50.001
0.001
0.016
[3,2]
50.001
25.000
0.001
[3,3]
50.001
50.000
0.005
[3,4]
50.001
75.000
-0.006
[3,5]
50.001
100.000
-0.017
[3,6]
50.001
125.000
-0.039
[3,7]
50.001
150.000
-0.075
[3,8]
50.001
175.000
-0.093
[3,9]
50.001
200.000
-0.121
[4,1]
75.001
0.001
0.007
[4,2]
75.001
25.000
0.006
[4,3]
75.001
50.000
0.007
[4,4]
75.001
75.000
0.001
[4,5]
75.001
100.000
-0.014
[4,6]
75.001
125.000
-0.041
[4,7]
75.001
150.000
-0.067
[4,8]
75.001
175.000
-0.085
[4,9]
75.001
200.000
-0.115
[5,1]
100.001
0.001
-0.025
[5,2]
100.001
25.000
-0.009
[5,3]
100.001
50.000
0.010
[5,4]
100.001
75.000
0.002
[5,5]
100.001
100.000
-0.014
[5,6]
100.001
125.000
-0.033
[5,7]
100.001
150.000
-0.058
[5,8]
100.001
175.000
-0.079
[5,9]
100.001
200.000
-0.104
[6,1]
125.001
0.001
-0.012
[6,2]
125.001
25.000
0.006
[6,3]
125.001
50.000
0.009
[6,4]
125.001
75.000
0.010
[6,5]
125.001
100.000
-0.013
[6,6]
125.001
125.000
-0.031
[6,7]
125.001
150.000
-0.048
[6,8]
125.001
175.000
-0.068
[6,9]
125.001
200.000
-0.091
[7,1]
150.001
0.001
-0.013
[7,2]
150.001
25.000
-0.005
[7,3]
150.001
50.000
0.008
[7,4]
150.001
75.000
-0.001
[7,5]
150.001
100.000
-0.023
[7,6]
150.001
125.000
-0.029
[7,7]
150.001
150.000
-0.044
[7,8]
150.001
175.000
-0.063
[7,9]
150.001
200.000
-0.084
[8,1]
175.001
0.001
-0.012
[8,2]
175.001
25.000
-0.002
[8,3]
175.001
50.000
-0.012
[8,4]
175.001
75.000
-0.012
[8,5]
175.001
100.000
-0.020
[8,6]
175.001
125.000
-0.029
[8,7]
175.001
150.000
-0.046
[8,8]
175.001
175.000
-0.071
[8,9]
175.001
200.000
-0.086
[9,1]
200.001
0.001
-0.005
[9,2]
200.001
25.000
-0.008
[9,3]
200.001
50.000
-0.008
[9,4]
200.001
75.000
-0.012
[9,5]
200.001
100.000
-0.008
[9,6]
200.001
125.000
-0.024
[9,7]
200.001
150.000
-0.040
[9,8]
200.001
175.000
-0.061
[9,9]
200.001
200.000
-0.080
[10,1]
225.001
0.001
0.001
[10,2]
225.001
25.000
0.001
[10,3]
225.001
50.000
-0.015
[10,4]
225.001
75.000
-0.002
[10,5]
225.001
100.000
-0.004
[10,6]
225.001
125.000
-0.018
[10,7]
225.001
150.000
-0.029
[10,8]
225.001
175.000
-0.053
[10,9]
225.001
200.000
-0.074
[11,1]
250.001
0.001
-0.014
[11,2]
250.001
25.000
-0.014
[11,3]
250.001
50.000
-0.005
[11,4]
250.001
75.000
0.000
[11,5]
250.001
100.000
-0.018
[11,6]
250.001
125.000
-0.030
[11,7]
250.001
150.000
-0.044
[11,8]
250.001
175.000
-0.065
[11,9]
250.001
200.000
-0.080
[12,1]
275.001
0.001
-0.026
[12,2]
275.001
25.000
-0.032
[12,3]
275.001
50.000
-0.021
[12,4]
275.001
75.000
-0.014
[12,5]
275.001
100.000
-0.026
[12,6]
275.001
125.000
-0.045
[12,7]
275.001
150.000
-0.058
[12,8]
275.001
175.000
-0.075
[12,9]
275.001
200.000
-0.075