[1,1]
0.000
-0.002
0.000
[1,2]
-0.002
24.996
0.018
[1,3]
-0.002
49.996
-0.002
[1,4]
-0.002
74.996
-0.013
[1,5]
-0.002
99.996
-0.029
[1,6]
-0.002
124.996
-0.031
[1,7]
-0.002
149.996
-0.028
[1,8]
-0.002
174.996
-0.034
[1,9]
-0.002
199.996
-0.045
[2,1]
24.998
-0.002
-0.003
[2,2]
24.998
24.996
0.011
[2,3]
24.998
49.996
-0.004
[2,4]
24.998
74.996
-0.039
[2,5]
24.998
99.996
-0.028
[2,6]
24.998
124.996
-0.023
[2,7]
24.998
149.996
-0.032
[2,8]
24.998
174.996
-0.048
[2,9]
24.998
199.996
-0.042
[3,1]
49.998
-0.002
-0.005
[3,2]
49.998
24.996
0.013
[3,3]
49.998
49.996
0.006
[3,4]
49.998
74.996
-0.013
[3,5]
49.998
99.996
-0.038
[3,6]
49.998
124.996
-0.023
[3,7]
49.998
149.996
-0.026
[3,8]
49.998
174.996
-0.038
[3,9]
49.998
199.996
-0.042
[4,1]
74.998
-0.002
0.004
[4,2]
74.998
24.996
0.004
[4,3]
74.998
49.996
0.008
[4,4]
74.998
74.996
-0.002
[4,5]
74.998
99.996
-0.020
[4,6]
74.998
124.996
-0.030
[4,7]
74.998
149.996
-0.021
[4,8]
74.998
174.996
-0.030
[4,9]
74.998
199.996
-0.051
[5,1]
99.998
-0.002
0.009
[5,2]
99.998
24.996
0.017
[5,3]
99.998
49.996
0.009
[5,4]
99.998
74.996
-0.002
[5,5]
99.998
99.996
-0.020
[5,6]
99.998
124.996
-0.015
[5,7]
99.998
149.996
-0.015
[5,8]
99.998
174.996
-0.028
[5,9]
99.998
199.996
-0.036
[6,1]
124.998
-0.002
0.017
[6,2]
124.998
24.996
0.021
[6,3]
124.998
49.996
0.014
[6,4]
124.998
74.996
-0.004
[6,5]
124.998
99.996
-0.015
[6,6]
124.998
124.996
-0.018
[6,7]
124.998
149.996
-0.015
[6,8]
124.998
174.996
-0.021
[6,9]
124.998
199.996
-0.047
[7,1]
149.998
-0.002
0.034
[7,2]
149.998
24.996
0.027
[7,3]
149.998
49.996
0.018
[7,4]
149.998
74.996
0.002
[7,5]
149.998
99.996
-0.007
[7,6]
149.998
124.996
-0.006
[7,7]
149.998
149.996
-0.013
[7,8]
149.998
174.996
-0.024
[7,9]
149.998
199.996
-0.034
[8,1]
174.998
-0.002
0.035
[8,2]
174.998
24.996
0.024
[8,3]
174.998
49.996
0.007
[8,4]
174.998
74.996
-0.008
[8,5]
174.998
99.996
0.003
[8,6]
174.998
124.996
0.000
[8,7]
174.998
149.996
-0.019
[8,8]
174.998
174.996
-0.041
[8,9]
174.998
199.996
-0.045
[9,1]
199.998
-0.002
0.032
[9,2]
199.998
24.996
0.041
[9,3]
199.998
49.996
0.017
[9,4]
199.998
74.996
0.006
[9,5]
199.998
99.996
0.004
[9,6]
199.998
124.996
-0.002
[9,7]
199.998
149.996
-0.011
[9,8]
199.998
174.996
-0.021
[9,9]
199.998
199.996
-0.044
[10,1]
224.998
-0.002
0.035
[10,2]
224.998
24.996
0.044
[10,3]
224.998
49.996
0.014
[10,4]
224.998
74.996
-0.020
[10,5]
224.998
99.996
0.002
[10,6]
224.998
124.996
-0.009
[10,7]
224.998
149.996
-0.005
[10,8]
224.998
174.996
-0.025
[10,9]
224.998
199.996
-0.035
[11,1]
249.998
-0.002
0.033
[11,2]
249.998
24.996
0.045
[11,3]
249.998
49.996
0.033
[11,4]
249.998
74.996
0.015
[11,5]
249.998
99.996
0.012
[11,6]
249.998
124.996
-0.001
[11,7]
249.998
149.996
0.003
[11,8]
249.998
174.996
-0.027
[11,9]
249.998
199.996
-0.022
[12,1]
274.998
-0.002
0.019
[12,2]
274.998
24.996
0.022
[12,3]
274.998
49.996
0.023
[12,4]
274.998
74.996
0.020
[12,5]
274.998
99.996
0.015
[12,6]
274.998
124.996
0.008
[12,7]
274.998
149.996
-0.004
[12,8]
274.998
174.996
-0.006
[12,9]
274.998
199.996
-0.020
